  Value    Count   Percent
      1    15550     46.12%
      2    18167     53.88%

C =

    8.7352    8.0246    6.6322
    8.2102    6.3877    3.1084


ans =

    0.5182

  Value    Count   Percent
      1    10246     30.39%
      2     9029     26.78%
      3    14442     42.83%

C =

    7.6154    5.2467    3.1673
    8.8993    8.0323    3.1979
    8.7667    7.9314    6.8047


ans =

    0.4001

  Value    Count   Percent
      1     9961     29.54%
      2     7764     23.03%
      3    11251     33.37%
      4     4741     14.06%

C =

    8.2556    5.6689    4.8634
    8.0326    6.0170    2.0054
    8.7326    8.5340    4.9452
    8.8880    8.7804    8.4261


ans =

    0.4291

  Value    Count   Percent
      1     6659     19.75%
      2     9936     29.47%
      3     5353     15.88%
      4     7300     21.65%
      5     4469     13.25%

C =

    9.5435    7.6375    3.0500
    8.7212    7.4789    6.0642
    7.3241    7.4384    2.7656
    7.6453    4.9101    3.6249
    8.8982    8.9501    8.4516


ans =

    0.3880

  Value    Count   Percent
      1     4430     13.14%
      2     4466     13.25%
      3     6892     20.44%
      4     6136     18.20%
      5     7162     21.24%
      6     4631     13.73%

C =

    8.9244    7.6664    2.0000
    8.8979    8.9534    8.4505
    8.7867    8.6799    5.7348
    7.0711    4.8856    2.7145
    8.7240    7.0285    4.0000
    8.4835    5.7746    6.0834


ans =

    0.4691

  Value    Count   Percent
      1     7722     22.90%
      2     1153      3.42%
      3    10233     30.35%
      4     2861      8.49%
      5     3138      9.31%
      6     4268     12.66%
      7     4342     12.88%

C =

    8.6822    5.7185    3.2668
    4.8716    6.5499    4.6262
    8.8913    8.6981    7.0490
    6.7309    4.2740    2.3062
    9.4210    8.6915    3.8311
    8.6057    5.8388    6.1926
    8.2432    8.2193    2.7310


ans =

    0.4155

  Value    Count   Percent
      1     2596      7.70%
      2     1917      5.69%
      3     3861     11.45%
      4     4363     12.94%
      5     6683     19.82%
      6     3729     11.06%
      7     3922     11.63%
      8     6646     19.71%

C =

    6.1772    6.8629    3.4969
    6.4533    3.4804    2.9463
    8.8938    5.7954    4.0000
    8.5256    5.8625    6.1701
    9.5281    8.7697    7.1136
    7.5964    8.5353    6.9236
    8.5166    5.5395    2.0000
    8.9737    8.4598    3.2061


ans =

    0.3618

  Value    Count   Percent
      1     4717     13.99%
      2     4115     12.20%
      3     5834     17.30%
      4     4503     13.36%
      5      845      2.51%
      6     1557      4.62%
      7     1486      4.41%
      8     4844     14.37%
      9     5816     17.25%

C =

    7.5493    5.7905    4.8764
    8.3985    5.5611    2.0000
    8.7273    8.0000    3.2204
    9.4342    5.7513    4.9274
    4.3976    6.7456    3.6994
    8.9338   10.0000    3.1561
    6.3546    3.3499    2.6205
    8.0456    8.1247    6.5066
    9.5217    9.0193    7.5550


ans =

    0.4384

  Value    Count   Percent
      1     3883     11.52%
      2     4371     12.96%
      3     1754      5.20%
      4     4706     13.96%
      5     4878     14.47%
      6     3394     10.07%
      7     2827      8.38%
      8     5296     15.71%
      9     1072      3.18%
     10     1536      4.56%

C =

    9.5249    8.6098    3.3680
    8.5202    5.8417    6.1560
    5.1477    4.8655    3.2223
    8.3761    6.6919    2.0000
    8.5551    5.7204    4.0000
    9.3117    8.7967    8.3300
    7.2190    8.3601    4.3488
    9.0519    8.4970    6.0000
    7.5877    9.4496    8.8321
    8.1354    3.4583    2.1016


ans =

    0.4102

  Value    Count   Percent
      1     3985     11.82%
      2     2964      8.79%
      3     1381      4.10%
      4     3858     11.44%
      5     1458      4.32%
      6     2960      8.78%
      7     4554     13.51%
      8     2243      6.65%
      9     6080     18.03%
     10     3078      9.13%
     11     1156      3.43%

C =

    7.7240    6.0512    5.7220
    9.6235    8.1788    3.3853
    4.7806    5.0949    2.8950
    7.8333    8.2571    2.8948
    8.1289    3.5364    2.0000
    9.2639    9.4392    8.6757
    9.1100    5.9170    4.4058
    9.0789   10.0000    5.2688
    8.6650    7.9480    6.5474
    8.4464    6.0000    2.0000
    7.8330    3.7336    4.4602


ans =

    0.4164

  Value    Count   Percent
      1     4077     12.09%
      2     2728      8.09%
      3     6711     19.90%
      4     3190      9.46%
      5     3559     10.56%
      6     3607     10.70%
      7     2927      8.68%
      8     2801      8.31%
      9      535      1.59%
     10     1277      3.79%
     11      765      2.27%
     12     1540      4.57%

C =

    9.6995    6.3669    4.4533
    9.4549    6.9699    2.0000
    8.7863    7.9976    6.6652
    7.5743    5.4803    4.0000
    7.9151    5.9461    6.1781
    9.1123    9.9301    7.8082
    7.4739    6.7291    2.0000
    8.0960    8.0393    4.0186
    7.6766    2.0000    2.7178
    7.9099    4.0000    2.0000
    3.8105    5.1373    3.1137
    8.9662   10.0000    3.1468


ans =

    0.4374

  Value    Count   Percent
      1     2987      8.86%
      2     4726     14.02%
      3     5818     17.26%
      4     1540      4.57%
      5     4878     14.47%
      6     2093      6.21%
      7     3560     10.56%
      8     1020      3.03%
      9      903      2.68%
     10      604      1.79%
     11     1486      4.41%
     12     2818      8.36%
     13     1284      3.81%

C =

    9.5564    9.0418    8.5022
    8.7804    6.9623    2.0000
    8.8678    8.4813    6.0000
    8.9662   10.0000    3.1468
    8.5551    5.7204    4.0000
    7.5117    5.8968    6.1300
    8.7177    8.0000    4.0000
   10.0000    5.8314    6.1804
    5.2846    7.1650    4.2990
    3.8725    4.2417    2.5265
    7.5808    8.7900    8.3244
    7.4560    4.2803    2.2725
    8.9322    5.7181    6.1760


ans =

    0.4725

  Value    Count   Percent
      1     2283      6.77%
      2     2335      6.93%
      3     4118     12.21%
      4      277      0.82%
      5     2093      6.21%
      6     4379     12.99%
      7     1405      4.17%
      8     1768      5.24%
      9     4010     11.89%
     10     3253      9.65%
     11     1171      3.47%
     12     1767      5.24%
     13     4348     12.90%
     14      510      1.51%

C =

    9.4017    5.8835    6.2505
    7.2411    6.3135    2.0000
    9.4315    6.9971    4.0000
    2.6534    4.1155    2.6065
    8.0363    8.3459    8.1691
    7.5163    5.9361    4.9249
    9.4235    6.0000    2.0000
    8.7342    3.6595    2.9163
    7.6913    8.3511    5.1002
    9.0821    8.7747    2.3707
    6.3723    3.6003    2.7071
    9.4890    9.9445    8.9406
    9.5775    8.4637    6.2962
    4.6412    7.2902    4.5647


ans =

    0.4231

  Value    Count   Percent
      1     1969      5.84%
      2     2831      8.40%
      3     2448      7.26%
      4      692      2.05%
      5     1754      5.20%
      6     2621      7.77%
      7     2020      5.99%
      8     1905      5.65%
      9     1968      5.84%
     10     1140      3.38%
     11     2639      7.83%
     12     1219      3.62%
     13     4100     12.16%
     14     3538     10.49%
     15     2873      8.52%

C =

   10.0000    7.9299    6.7242
    8.8951    5.7323    2.0000
    9.2496    8.8235    6.0000
    3.8338    4.8699    2.9191
    7.8991    8.5359    5.9282
    7.2301    7.2995    4.0000
    7.3787    3.4941    2.7475
    7.1501    7.1622    2.0000
    9.3237    8.6555    2.0000
    6.3026    7.5982    6.6088
    8.4642    6.0000    4.0000
    9.8212    5.3618    4.0164
    8.5941    5.8576    6.1083
    8.9022    9.1871    8.5613
    9.3676    8.5708    4.0000


