  Value    Count   Percent
      1    19695     77.14%
      2     5836     22.86%

C =

    2.6004    2.1223    2.2175
    5.7752    4.5336    5.1056


ans =

    0.7478

  Value    Count   Percent
      1    19674     77.06%
      2     4951     19.39%
      3      906      3.55%

C =

    2.6010    2.1160    2.2177
    5.4118    4.1870    4.6039
    7.6733    6.5077    7.7748


ans =

    0.7214

  Value    Count   Percent
      1    14458     56.63%
      2     1355      5.31%
      3     7547     29.56%
      4     2171      8.50%

C =

    2.0000    2.0917    2.1090
    5.1956    2.9712    6.3306
    4.6077    2.6715    2.8167
    6.5352    6.3685    6.0534


ans =

    0.6771

  Value    Count   Percent
      1     5287     20.71%
      2    17062     66.83%
      3     2180      8.54%
      4      646      2.53%
      5      356      1.39%

C =

    4.9037    2.8375    3.5828
    2.3102    2.0654    2.0899
    5.4055    5.6147    5.1275
    7.5046    4.3777    7.3529
    8.2697    8.2753    8.2640


ans =

    0.6780

  Value    Count   Percent
      1    14349     56.20%
      2     6838     26.78%
      3      791      3.10%
      4     2450      9.60%
      5      492      1.93%
      6      611      2.39%

C =

    2.0000    2.0591    2.1069
    4.4361    2.5136    2.7590
    3.8837    3.5777    6.4349
    6.5339    4.4735    5.2971
    4.2358    6.5772    2.7276
    7.7283    7.3584    8.1211


ans =

    0.6983

  Value    Count   Percent
      1     5859     22.95%
      2    14208     55.65%
      3     2117      8.29%
      4      284      1.11%
      5      505      1.98%
      6      108      0.42%
      7     2450      9.60%

C =

    4.5090    2.2652    2.5516
    2.0000    2.0398    2.0881
    3.6287    4.2626    4.4828
    5.4859    6.0141    8.0352
    8.2693    6.4673    7.2911
    9.3519    9.1667    9.2778
    6.3910    4.4955    5.0596


ans =

    0.6719

  Value    Count   Percent
      1     5889     23.07%
      2    14208     55.65%
      3      473      1.85%
      4      112      0.44%
      5      487      1.91%
      6      751      2.94%
      7     1512      5.92%
      8     2099      8.22%

C =

    4.5267    2.2741    2.5488
    2.0000    2.0398    2.0881
    7.2558    6.9429    8.0254
    9.4821    8.9643    9.3214
    4.2382    6.5626    2.6940
    7.2197    2.5726    6.0426
    6.0503    5.6720    5.6349
    4.1525    3.7589    4.5650


ans =

    0.7288

  Value    Count   Percent
      1    16571     64.91%
      2     2984     11.69%
      3     2833     11.10%
      4      621      2.43%
      5     1501      5.88%
      6      586      2.30%
      7      304      1.19%
      8       75      0.29%
      9       56      0.22%

C =

    2.3194    2.0000    2.0756
    5.2714    4.8432    4.7044
    5.3067    2.0240    3.5694
    7.6876    4.4283    7.2657
    3.6442    4.4970    2.2239
    3.5734    3.1365    6.2594
    7.3618    8.2039    7.0263
    9.8933    9.3067    9.4933
    7.1786    7.1071   10.0000


ans =

    0.7264

  Value    Count   Percent
      1    14208     55.65%
      2      446      1.75%
      3     3953     15.48%
      4      418      1.64%
      5     1524      5.97%
      6     3374     13.22%
      7     1244      4.87%
      8       54      0.21%
      9      282      1.10%
     10       28      0.11%

C =

    2.0000    2.0398    2.0881
    2.8072    5.2870    3.5785
    4.3663    2.2950    2.0000
    8.2344    7.5263    8.5981
    6.0367    5.0315    6.4711
    4.3385    2.7095    4.4778
    6.6013    4.1977    3.2621
    3.1481    8.0370    3.1852
    7.9716    6.9220    5.1064
    2.8571   10.0000    2.3571


ans =

    0.6813

  Value    Count   Percent
      1    13582     53.20%
      2      496      1.94%
      3      221      0.87%
      4     5082     19.91%
      5      754      2.95%
      6     1819      7.12%
      7     1881      7.37%
      8      216      0.85%
      9      473      1.85%
     10      900      3.53%
     11      107      0.42%

C =

    2.0000    2.0417    2.0000
    4.1290    4.3589    6.5282
    2.8054    6.8778    2.3891
    4.5104    2.0000    2.6360
    6.7719    5.2281    2.9416
    3.8450    4.1275    3.3590
    6.2446    4.2456    5.5173
    5.6389    6.8611    7.8704
    8.2537    6.3044    7.5687
    2.4311    2.0000    4.6311
    9.4206    9.1589    9.2523


ans =

    0.7185

  Value    Count   Percent
      1     5188     20.32%
      2     1021      4.00%
      3    14208     55.65%
      4      846      3.31%
      5     1479      5.79%
      6     1670      6.54%
      7      277      1.08%
      8       76      0.30%
      9      382      1.50%
     10       89      0.35%
     11      237      0.93%
     12       58      0.23%

C =

    4.2791    2.2247    2.4761
    5.9726    6.0921    6.1587
    2.0000    2.0398    2.0881
    5.0426    5.8463    2.8322
    6.1312    3.0575    4.9114
    3.6659    3.7198    4.6455
    8.1227    7.3935    7.6029
    9.2105    7.0000    9.4211
    8.3665    3.3403    3.1361
    4.8539    7.6404    8.2022
    6.7764    3.0211    8.2532
    9.7241   10.0000    9.3793


ans =

    0.7443

  Value    Count   Percent
      1      837      3.28%
      2     2180      8.54%
      3    13582     53.20%
      4      405      1.59%
      5      653      2.56%
      6     3370     13.20%
      7      644      2.52%
      8      293      1.15%
      9      903      3.54%
     10      612      2.40%
     11      449      1.76%
     12     1429      5.60%
     13      174      0.68%

C =

    2.0000    2.3369    4.1673
    4.5670    4.0000    3.2872
    2.0000    2.0417    2.0000
    8.2074    7.6593    8.5679
    6.0000    2.0000    4.8331
    4.4297    2.0000    2.0000
    4.5559    6.2950    3.1335
    8.3140    2.6758    2.9215
    6.1639    6.1218    6.2392
    6.8497    3.5000    6.7124
    3.7327    4.6414    6.3742
    4.0000    2.0000    4.2715
    8.2414    7.1954    4.0460


ans =

    0.7347

  Value    Count   Percent
      1    13582     53.20%
      2     5188     20.32%
      3      322      1.26%
      4      907      3.55%
      5      105      0.41%
      6       18      0.07%
      7      404      1.58%
      8      129      0.51%
      9     2579     10.10%
     10     1059      4.15%
     11       60      0.24%
     12      244      0.96%
     13      506      1.98%
     14      428      1.68%

C =

    2.0000    2.0417    2.0000
    4.2791    2.2247    2.4761
    7.7267    7.3665    7.9938
    6.1389    6.0926    6.2778
    9.4476    8.9143    9.5619
    8.5556    9.8889    4.8889
    8.2970    2.7822    3.7673
    8.2326    6.6667    3.6124
    5.0717    3.4936    4.6165
    2.3664    2.3003    4.5703
    2.6000    8.9667    2.4000
    6.8689    3.0492    8.3033
    6.0000    5.2569    2.8300
    3.4673    6.0748    4.1215


ans =

    0.6952

  Value    Count   Percent
      1    14208     55.65%
      2      937      3.67%
      3      179      0.70%
      4      293      1.15%
      5      131      0.51%
      6     2175      8.52%
      7     1270      4.97%
      8     3370     13.20%
      9      152      0.60%
     10      273      1.07%
     11      333      1.30%
     12       78      0.31%
     13      194      0.76%
     14     1878      7.36%
     15       60      0.24%

C =

    2.0000    2.0398    2.0881
    4.6190    4.3415    2.0000
    5.6425    5.2179    8.2905
    8.3140    2.6758    2.9215
    7.9542    6.9924    3.2366
    4.5269    2.0000    4.5352
    6.1417    5.5197    5.6693
    4.4297    2.0000    2.0000
    2.2500    7.1711    2.5132
    8.0073    2.8791    7.3553
    8.0300    7.3273    8.1742
    7.1795    8.4872    6.1282
    3.5052    6.0412    6.3402
    4.3014    4.1235    4.2322
    9.8667    9.6333    9.8667


